MEME version 4

ALPHABET= ACGT

strands: + -

Background letter frequencies
A 0.2918 C 0.2073 G 0.2080 T 0.2929 

MOTIF Ddit3::Cebpa
letter-probability matrix: alength= 4 w= 12 nsites= 17 E= 4.1e-009 
0.3589743590 0.1794871795 0.3076923077 0.1538461538
0.2820512821 0.1794871795 0.3589743590 0.1794871795
0.4615384615 0.0769230769 0.3846153846 0.0769230769
0.0000000001 0.0256410256 0.0000000001 0.9743589742
0.0000000001 0.0000000001 0.9743589742 0.0256410256
0.1025641026 0.8461538461 0.0000000001 0.0512820513
0.9743589742 0.0256410256 0.0000000001 0.0000000001
0.9230769230 0.0512820513 0.0256410256 0.0000000001
0.0000000001 0.1538461538 0.0000000001 0.8461538460
0.3589743590 0.4358974359 0.1282051282 0.0769230769
0.1025641026 0.5897435897 0.2307692308 0.0769230769
0.0000000001 0.6666666666 0.1538461538 0.1794871795
