MEME version 4

ALPHABET= ACGT

strands: + -

Background letter frequencies (from file `./background'):
A 0.22370 C 0.27630 G 0.27630 T 0.22370 

MOTIF 1 VGGAAR-DREME-1

letter-probability matrix: alength= 4 w= 6 nsites= 30195 E= 3.4e-769
  0.520285	  0.124954	  0.354761	  0.000000	
  0.000000	  0.000000	  1.000000	  0.000000	
  0.000000	  0.000000	  1.000000	  0.000000	
  1.000000	  0.000000	  0.000000	  0.000000	
  1.000000	  0.000000	  0.000000	  0.000000	
  0.377447	  0.000000	  0.622553	  0.000000	

MOTIF 2 CACRTGB-DREME-2

letter-probability matrix: alength= 4 w= 7 nsites= 8331 E= 1.5e-612
  0.000000	  1.000000	  0.000000	  0.000000	
  1.000000	  0.000000	  0.000000	  0.000000	
  0.000000	  1.000000	  0.000000	  0.000000	
  0.697755	  0.000000	  0.302245	  0.000000	
  0.000000	  0.000000	  0.000000	  1.000000	
  0.000000	  0.000000	  1.000000	  0.000000	
  0.000000	  0.288921	  0.465130	  0.245949	

MOTIF 3 RTGASTCA-DREME-3

letter-probability matrix: alength= 4 w= 8 nsites= 2145 E= 2.4e-234
  0.524942	  0.000000	  0.475058	  0.000000	
  0.000000	  0.000000	  0.000000	  1.000000	
  0.000000	  0.000000	  1.000000	  0.000000	
  1.000000	  0.000000	  0.000000	  0.000000	
  0.000000	  0.527739	  0.472261	  0.000000	
  0.000000	  0.000000	  0.000000	  1.000000	
  0.000000	  1.000000	  0.000000	  0.000000	
  1.000000	  0.000000	  0.000000	  0.000000	

MOTIF 4 AGRKGGCG-DREME-4

letter-probability matrix: alength= 4 w= 8 nsites= 2284 E= 2.6e-174
  1.000000	  0.000000	  0.000000	  0.000000	
  0.000000	  0.000000	  1.000000	  0.000000	
  0.397986	  0.000000	  0.602014	  0.000000	
  0.000000	  0.000000	  0.634413	  0.365587	
  0.000000	  0.000000	  1.000000	  0.000000	
  0.000000	  0.000000	  1.000000	  0.000000	
  0.000000	  1.000000	  0.000000	  0.000000	
  0.000000	  0.000000	  1.000000	  0.000000	

MOTIF 5 RRCCACA-DREME-5

letter-probability matrix: alength= 4 w= 7 nsites= 5716 E= 4.4e-148
  0.574703	  0.000000	  0.425297	  0.000000	
  0.508048	  0.000000	  0.491952	  0.000000	
  0.000000	  1.000000	  0.000000	  0.000000	
  0.000000	  1.000000	  0.000000	  0.000000	
  1.000000	  0.000000	  0.000000	  0.000000	
  0.000000	  1.000000	  0.000000	  0.000000	
  1.000000	  0.000000	  0.000000	  0.000000	

MOTIF 6 AKAAA-DREME-6

letter-probability matrix: alength= 4 w= 5 nsites= 21723 E= 3.0e-139
  1.000000	  0.000000	  0.000000	  0.000000	
  0.000000	  0.000000	  0.688119	  0.311881	
  1.000000	  0.000000	  0.000000	  0.000000	
  1.000000	  0.000000	  0.000000	  0.000000	
  1.000000	  0.000000	  0.000000	  0.000000	

MOTIF 7 CYCCDCCC-DREME-7

letter-probability matrix: alength= 4 w= 8 nsites= 6026 E= 5.1e-126
  0.000000	  1.000000	  0.000000	  0.000000	
  0.000000	  0.642715	  0.000000	  0.357285	
  0.000000	  1.000000	  0.000000	  0.000000	
  0.000000	  1.000000	  0.000000	  0.000000	
  0.253900	  0.000000	  0.371391	  0.374710	
  0.000000	  1.000000	  0.000000	  0.000000	
  0.000000	  1.000000	  0.000000	  0.000000	
  0.000000	  1.000000	  0.000000	  0.000000	

MOTIF 8 TTDCAYAA-DREME-8

letter-probability matrix: alength= 4 w= 8 nsites= 2025 E= 1.3e-121
  0.000000	  0.000000	  0.000000	  1.000000	
  0.000000	  0.000000	  0.000000	  1.000000	
  0.244938	  0.000000	  0.430617	  0.324444	
  0.000000	  1.000000	  0.000000	  0.000000	
  1.000000	  0.000000	  0.000000	  0.000000	
  0.000000	  0.697778	  0.000000	  0.302222	
  1.000000	  0.000000	  0.000000	  0.000000	
  1.000000	  0.000000	  0.000000	  0.000000	

MOTIF 9 AGRKGGCA-DREME-9

letter-probability matrix: alength= 4 w= 8 nsites= 2503 E= 1.2e-096
  1.000000	  0.000000	  0.000000	  0.000000	
  0.000000	  0.000000	  1.000000	  0.000000	
  0.483819	  0.000000	  0.516181	  0.000000	
  0.000000	  0.000000	  0.550539	  0.449461	
  0.000000	  0.000000	  1.000000	  0.000000	
  0.000000	  0.000000	  1.000000	  0.000000	
  0.000000	  1.000000	  0.000000	  0.000000	
  1.000000	  0.000000	  0.000000	  0.000000	

MOTIF 10 CCDCCKCC-DREME-10

letter-probability matrix: alength= 4 w= 8 nsites= 3477 E= 1.4e-081
  0.000000	  1.000000	  0.000000	  0.000000	
  0.000000	  1.000000	  0.000000	  0.000000	
  0.236698	  0.000000	  0.515674	  0.247627	
  0.000000	  1.000000	  0.000000	  0.000000	
  0.000000	  1.000000	  0.000000	  0.000000	
  0.000000	  0.000000	  0.499856	  0.500144	
  0.000000	  1.000000	  0.000000	  0.000000	
  0.000000	  1.000000	  0.000000	  0.000000	

MOTIF 11 DAAATR-DREME-11

letter-probability matrix: alength= 4 w= 6 nsites= 8411 E= 4.5e-056
  0.485555	  0.000000	  0.255023	  0.259422	
  1.000000	  0.000000	  0.000000	  0.000000	
  1.000000	  0.000000	  0.000000	  0.000000	
  1.000000	  0.000000	  0.000000	  0.000000	
  0.000000	  0.000000	  0.000000	  1.000000	
  0.391036	  0.000000	  0.608964	  0.000000	

MOTIF 12 CGTGK-DREME-12

letter-probability matrix: alength= 4 w= 5 nsites= 9606 E= 5.2e-043
  0.000000	  1.000000	  0.000000	  0.000000	
  0.000000	  0.000000	  1.000000	  0.000000	
  0.000000	  0.000000	  0.000000	  1.000000	
  0.000000	  0.000000	  1.000000	  0.000000	
  0.000000	  0.000000	  0.655007	  0.344993	

MOTIF 13 CDGCTGY-DREME-13

letter-probability matrix: alength= 4 w= 7 nsites= 7408 E= 2.5e-037
  0.000000	  1.000000	  0.000000	  0.000000	
  0.358126	  0.000000	  0.199784	  0.442090	
  0.000000	  0.000000	  1.000000	  0.000000	
  0.000000	  1.000000	  0.000000	  0.000000	
  0.000000	  0.000000	  0.000000	  1.000000	
  0.000000	  0.000000	  1.000000	  0.000000	
  0.000000	  0.620005	  0.000000	  0.379995	

MOTIF 14 GTTCCTS-DREME-14

letter-probability matrix: alength= 4 w= 7 nsites= 2010 E= 1.9e-036
  0.000000	  0.000000	  1.000000	  0.000000	
  0.000000	  0.000000	  0.000000	  1.000000	
  0.000000	  0.000000	  0.000000	  1.000000	
  0.000000	  1.000000	  0.000000	  0.000000	
  0.000000	  1.000000	  0.000000	  0.000000	
  0.000000	  0.000000	  0.000000	  1.000000	
  0.000000	  0.533333	  0.466667	  0.000000	

MOTIF 15 TGWTGMAA-DREME-15

letter-probability matrix: alength= 4 w= 8 nsites= 1215 E= 8.4e-032
  0.000000	  0.000000	  0.000000	  1.000000	
  0.000000	  0.000000	  1.000000	  0.000000	
  0.536626	  0.000000	  0.000000	  0.463374	
  0.000000	  0.000000	  0.000000	  1.000000	
  0.000000	  0.000000	  1.000000	  0.000000	
  0.396708	  0.603292	  0.000000	  0.000000	
  1.000000	  0.000000	  0.000000	  0.000000	
  1.000000	  0.000000	  0.000000	  0.000000	

MOTIF 16 AAAMAAAA-DREME-16

letter-probability matrix: alength= 4 w= 8 nsites= 977 E= 9.9e-030
  1.000000	  0.000000	  0.000000	  0.000000	
  1.000000	  0.000000	  0.000000	  0.000000	
  1.000000	  0.000000	  0.000000	  0.000000	
  0.683726	  0.316274	  0.000000	  0.000000	
  1.000000	  0.000000	  0.000000	  0.000000	
  1.000000	  0.000000	  0.000000	  0.000000	
  1.000000	  0.000000	  0.000000	  0.000000	
  1.000000	  0.000000	  0.000000	  0.000000	

MOTIF 17 CCACTAGR-DREME-17

letter-probability matrix: alength= 4 w= 8 nsites= 520 E= 9.3e-026
  0.000000	  1.000000	  0.000000	  0.000000	
  0.000000	  1.000000	  0.000000	  0.000000	
  1.000000	  0.000000	  0.000000	  0.000000	
  0.000000	  1.000000	  0.000000	  0.000000	
  0.000000	  0.000000	  0.000000	  1.000000	
  1.000000	  0.000000	  0.000000	  0.000000	
  0.000000	  0.000000	  1.000000	  0.000000	
  0.475000	  0.000000	  0.525000	  0.000000	

MOTIF 18 MA0139.1-CTCF

letter-probability matrix: alength= 4 w= 19 nsites= 913 E= 0.0e+000
  0.095304	  0.318724	  0.083263	  0.502707	
  0.182917	  0.158830	  0.453431	  0.204821	
  0.307768	  0.053693	  0.491761	  0.146777	
  0.061354	  0.876166	  0.023029	  0.039450	
  0.008786	  0.988969	  0.000030	  0.002215	
  0.814831	  0.014268	  0.071217	  0.099685	
  0.043832	  0.578280	  0.365817	  0.012071	
  0.117337	  0.474759	  0.052657	  0.355249	
  0.933036	  0.012090	  0.035114	  0.019759	
  0.005512	  0.000030	  0.991140	  0.003317	
  0.365516	  0.003323	  0.621257	  0.009902	
  0.059294	  0.013201	  0.553208	  0.374298	
  0.013210	  0.000030	  0.977945	  0.008815	
  0.061556	  0.008820	  0.851585	  0.078038	
  0.114423	  0.806323	  0.005531	  0.073723	
  0.409221	  0.014330	  0.557725	  0.018725	
  0.090323	  0.530809	  0.338099	  0.040769	
  0.128865	  0.354617	  0.080418	  0.436100	
  0.442707	  0.199347	  0.292950	  0.064995	

MOTIF 19 MA0104.4-MYCN

letter-probability matrix: alength= 4 w= 12 nsites= 6984 E= 0.0e+000
  0.213058	  0.271191	  0.351374	  0.164377	
  0.248282	  0.221937	  0.372135	  0.157647	
  0.068731	  0.764741	  0.106388	  0.060139	
  0.004871	  0.992115	  0.002009	  0.001005	
  0.911932	  0.008022	  0.040811	  0.039236	
  0.003153	  0.933124	  0.017472	  0.046252	
  0.046252	  0.017472	  0.933124	  0.003153	
  0.039236	  0.040811	  0.008022	  0.911932	
  0.001005	  0.002009	  0.992115	  0.004871	
  0.060139	  0.106388	  0.764741	  0.068731	
  0.157647	  0.372135	  0.221937	  0.248282	
  0.164377	  0.351374	  0.271191	  0.213058	

MOTIF 20 MA1108.1-MXI1

letter-probability matrix: alength= 4 w= 13 nsites= 3703 E= 0.0e+000
  0.194168	  0.325951	  0.311368	  0.168513	
  0.220902	  0.302997	  0.328381	  0.147720	
  0.374017	  0.223603	  0.260600	  0.141779	
  0.102082	  0.717784	  0.131249	  0.048884	
  0.015399	  0.961095	  0.014590	  0.008918	
  0.953531	  0.012969	  0.026202	  0.007297	
  0.004327	  0.944892	  0.012159	  0.038622	
  0.019720	  0.015670	  0.963524	  0.001086	
  0.005407	  0.029713	  0.008649	  0.956232	
  0.005407	  0.024312	  0.958664	  0.011618	
  0.091821	  0.478526	  0.299486	  0.130168	
  0.181205	  0.312448	  0.279503	  0.226843	
  0.142859	  0.359166	  0.286524	  0.211450	

MOTIF 21 UP00085_1-Sfpi1_primary

letter-probability matrix: alength= 4 w= 14 nsites= 20 E= 0.0e+000
  0.211646	  0.273666	  0.234970	  0.279718	
  0.297662	  0.105671	  0.290315	  0.306351	
  0.591627	  0.049191	  0.155207	  0.203974	
  0.458572	  0.053810	  0.170478	  0.317141	
  0.188798	  0.155959	  0.589975	  0.065269	
  0.401855	  0.286178	  0.290215	  0.021752	
  0.049440	  0.002608	  0.943063	  0.004887	
  0.005445	  0.002755	  0.987264	  0.004537	
  0.970538	  0.002784	  0.002833	  0.023846	
  0.935191	  0.004449	  0.002203	  0.058157	
  0.046716	  0.270351	  0.672662	  0.010271	
  0.056500	  0.093466	  0.027306	  0.822727	
  0.300849	  0.123417	  0.267085	  0.308648	
  0.278406	  0.276100	  0.219443	  0.226049	

MOTIF 22 SPI1_full

letter-probability matrix: alength= 4 w= 14 nsites= 20 E= 0.0e+000
  0.642782	  0.091624	  0.187078	  0.078516	
  0.907768	  0.006112	  0.070066	  0.016054	
  0.988323	  0.001766	  0.002938	  0.006974	
  0.976985	  0.001375	  0.001375	  0.020266	
  0.896286	  0.002110	  0.004133	  0.097471	
  0.009895	  0.045462	  0.943172	  0.001471	
  0.271879	  0.615696	  0.111161	  0.001264	
  0.006525	  0.001562	  0.990427	  0.001486	
  0.001113	  0.001562	  0.996212	  0.001113	
  0.995554	  0.001765	  0.001375	  0.001308	
  0.994780	  0.001569	  0.001569	  0.002083	
  0.001113	  0.035086	  0.962505	  0.001296	
  0.005239	  0.014933	  0.003733	  0.976096	
  0.506096	  0.058746	  0.147392	  0.287768	

